3995 3188
5830 8679
9195 2251
5360 5176
3621 5209
2743 4409
6856 6401
326 6819
2189 1672
5312 2901
6186 1846
9639 1538
9755 2677
2479 4266
8362 5793
9118 3369
8430 7934
3558 9081
3577 1636
9591 2721
2249 7450
2142 9836
9824 3889
5941 5595
2882 2922
992 8745
1459 9400
3240 8835
875 2869
5464 2349
2953 4184
758 6059
7857 465
2763 8875
7556 3326
2961 6153
2056 2608
2058 3013
5780 6043
6957 5981
4961 545
4575 3151
6600 8407
5475 3093
4079 9929
7375 7090
5721 4234
4502 3814
9083 1985
6825 3928
9726 8172
4687 4644
7564 9427
460 9310
1901 327
1464 8545
3690 6485
4101 9260
1498 3502
1163 8876
4487 7710
3158 2682
963 6439
6752 2684
7686 3393
2265 6332
9138 5093
6604 4866
3379 2382
8199 2314
2882 8603
1690 8702
6567 9545
4864 1240
3933 363
3254 6916
43 7589
2934 1948
3061 4309
100 9867
2122 4852
5981 1042
553 5428
4215 7131
4543 2418
2656 6853
8823 6765
2401 166
6391 1256
9289 4779
5200 716
4813 6652
4745 5040
9977 777
3159 9542
8082 8542
527 9438
6580 2543
6564 9591
131 3590
4048 3766
715 6094
7878 8714
4204 968
1315 9446
9330 5484
720 4311
1907 4252
4671 7253
1556 1508
4447 5614
5591 5024
4549 6148
7974 551
2970 3619
5314 7126
2880 8703
4100 6778
884 8487
527 253
5700 5415
483 3706
5479 5290
5398 9666
9660 8770
3453 7485
7512 3237
9715 1973
8263 7328
3180 9106
9726 3144
1573 4018
1331 3940
7667 6326
3397 1406
8049 8605
5764 409
5911 8625
6362 514
2653 7844
4324 7507
501 307
5729 9728
8474 535
1478 458
6117 4491
9966 3999
8831 1774
3588 7052
8992 7697
8696 9709
6750 4404
5696 3303
2393 6257
5111 823
7698 9021
5809 9333
8955 4230
4701 9988
2895 2224
8097 1041
2616 5980
8251 6471
1569 2132
6694 8613
7136 7171
1828 1824
9326 4035
5275 1074
8194 3764
3122 4194
4988 689
6392 874
3271 6118
7226 3382
3830 3060
5426 906
4468 8651
4133 4642
3112 5609
4460 4058
5309 4362
7086 3660
7808 9432
8690 7943
7069 7022
7184 800
3271 5149
2178 590
7840 5024
1272 201
2885 2311
768 4658
337 7751
8388 4502
6127 5221
3122 7183
9408 6687
4508 3041
7923 8532
4189 273
5267 2178
9267 1168
6022 8924
5186 4488
8198 2292
6231 7678
1058 2757
6434 7841
6678 8507
7893 8369
4982 8580
1149 8942
5179 3880
3948 8962
4978 8410
2143 5370
227 6732
5549 2818
6215 2032
5251 7429
7920 44
884 9196
1785 7976
1007 1135
9654 5366
1952 6269
7501 7047
9687 5853
8541 3120
4700 4340
7488 2724
6169 371
3817 6100
988 2833
3755 5620
2662 1389
2774 33
5582 4729
4684 4392
1373 6761
1536 1538
2350 6229
1696 4985
2335 5375
9397 3453
205 5174
7128 109
9432 2685
2398 5724
9204 258
5645 8208
6580 8709
4428 9121
1738 238
285 6087
8614 7616
9835 3061
1501 1831
8570 4257
229 413
5432 3698
8529 4581
4809 8838
1437 8790
5869 2223
1299 8611
6323 4919
6622 7859
4097 5646
4832 7168
4499 2545
6813 337
4326 9362
8285 4322
2659 1700
6202 3821
8542 528
7984 4020
403 3732
3610 4201
1841 9370
5672 7023
4296 1841
3110 6345
4586 6499
5729 587
4527 1508
5115 8575
1342 2836
5431 7072
4870 3103
8392 2710
5811 2013
6109 960
6139 2591
662 7870
4011 4952
4556 3598
1871 8162
7587 1336
6182 6962
6366 6049
7895 1404
3075 7911
6150 455
9924 6510
4673 5589
9924 5752
1811 5627
3436 1022
2507 9803
7484 7985
6089 8933
7876 5326
1539 7149
7445 4590
3687 5471
4242 5443
5083 6954
7625 7404
281 8211
7196 8859
1978 9357
3267 188
8193 1883
9611 3086
4411 2384
5159 6141
5442 6543
4332 9273
9793 3204
8970 7130
1832 4860
8626 619
3092 3576
4150 8062
3681 824
2744 2219
7595 6309
9004 581
623 3848
9419 1366
4566 2464
9571 6707
2486 830
9130 1171
2622 7477
9963 3486
51 6544
2035 44
2332 9394
5044 2670
4420 4435
6592 5503
4318 6990
2867 8234
8030 1094
4231 3274
2111 1799
7801 6046
3421 4100
951 8148
4426 5705
9118 8257
7741 2542
4117 8554
7359 5190
2309 2884
2198 6058
5938 8560
9631 8954
2684 2904
2737 1057
5629 7505
4930 7725
9946 717
1463 1646
6139 9306
9442 9889
7470 240
5340 3268
519 3532
1262 4183
8247 9651
6807 6252
6309 5997
7597 6970
4923 5935
9762 8685
2924 9354
9433 1573
8403 406
8276 9440
1313 3696
1621 8324
6821 6568
9586 3430
9267 5561
6353 8092
29 8332
9253 1574
825 3809
5032 3814
1169 5840
2107 9940
2107 1854
1923 7977
725 4104
6118 6163
5705 6017
3287 7895
5586 966
9467 477
7698 2233
866 9464
3072 9146
1463 4750
6317 9907
1113 504
915 6509
693 8144
269 1902
6679 5556
7379 7117
6713 6466
7722 2866
3994 3630
2632 268
2906 9242
820 8164
2687 1370
6282 9617
3399 4060
5305 474
1913 9626
5268 7514
1247 223
594 487
4203 8549
4136 9182
8571 5119
5903 3373
649 7190
8798 5768
5725 892
8427 2818
5683 2168
7159 6601
225 8807
5958 8159
4909 4256
5270 3479
6351 8375
5158 7646
3508 268
884 5735
4987 9511
7397 7011
8497 4452
719 9806
4924 1131
7676 7976
2992 69
6019 9664
7975 82
1343 6608
4206 2576
5558 8790
2665 2702
8551 4269
6684 4199
6184 4989
2701 5827
8976 8693
3531 5303
8914 7859
9297 6150
3827 218
3818 4149
3622 5203
6591 1628
4886 6784
2494 6141
8852 6372
9430 8081
6593 3865
3757 211
4774 2377
3693 8865
2369 4717
8718 8431
6748 3999
2568 9274
8419 7615
3763 2196
8969 5360
2059 9993
2201 3868
3364 6552
1820 6057
4974 2967
245 5184
8577 1999
5875 6403
2097 8694
3401 351
9405 5823
9966 5991
5298 5497
1148 3844
7536 7789
9553 1579
6778 4459
6817 1809
5602 4994
8098 2701
4132 2799
9288 7155
6 1958
126 3642
9734 8610
9432 1789
2906 2497
8195 4594
5219 8174
9247 5081
3331 6882
230 2865
7823 6260
7642 7698
536 5483
333 2550
8758 4116
2889 7092
5817 7660
7478 2655
3974 1370
6546 397
2061 28
6164 2035
6960 8651
9832 2864
7893 2650
4406 5587
7808 9235
7596 5496
3770 8331
824 104
7488 2614
711 777
1987 3288
8897 2168
4592 99
8375 8286
839 7063
4015 929
6604 5896
8855 8027
3626 8694
2335 9670
7508 2671
4189 2979
9895 3851
4629 1753
4187 76
563 6264
3753 1517
1999 4422
6334 6957
5495 8217
536 9190
3625 2491
3469 6836
5394 8434
7890 961
485 204
9360 265
9486 9939
6424 1529
9818 7113
166 3924
5673 685
4730 155
9267 200
843 2441
4927 7212
3383 5450
646 7316
1595 6195
3344 9836
3310 2261
8484 6189
6769 3982
6578 3977
3803 7754
3811 2942
2185 9469
5127 4099
9635 8964
7356 8375
109 8826
7428 968
1581 2936
512 6522
9825 4447
2653 1491
472 7036
3156 1039
9303 3982
4954 8821
2814 2553
5678 6305
3908 9197
2044 3021
5868 9425
2012 9934
3424 5930
5987 7756
9158 4084
6994 5242
1092 8792
1782 6550
4334 4951
895 6880
4411 1705
6476 8848
4392 7553
4804 8659
3209 2448
9480 856
9667 1975
9143 3209
1026 1278
845 1380
815 2497
9804 3874
9499 4084
8274 5117
1610 7241
6867 6517
7464 1318
4976 1319
2552 5175
4366 8440
1210 5175
3657 9274
9915 5834
3619 4746
8666 5907
8736 4289
187 864
3103 9002
1703 7670
748 1113
2348 4833
2494 8992
6063 6902
731 3351
2050 9280
5640 52
6512 1092
5650 1333
9992 2214
8620 6001
9598 9253
1030 8625
9832 5320
1697 6021
8336 6551
3400 7681
5665 5037
8479 7792
387 631
1753 8633
6430 3605
1492 9069
5720 2362
8318 1485
1528 4657
5939 5989
335 3880
6194 3841
8374 111
5716 8870
3824 3087
228 8088
4760 368
5366 8498
8246 3819
402 4991
9174 2303
2578 4527
4407 4030
5205 198
977 5512
5818 3892
2955 6636
7457 5985
7599 9517
5249 8086
90 3510
3190 4552
2350 6013
2391 1734
9594 1542
7248 4906
9953 4512
9385 5561
2131 179
7975 3114
5618 4947
6531 9831
9940 4303
7179 9441
2957 3423
5182 9732
9672 7370
4348 6645
8972 6984
8442 9227
9587 1552
4863 6923
9966 5544
3204 8985
6951 9955
8993 9675
1407 9117
8722 508
8962 945
5825 6921
8025 165
6238 3766
1165 6545
2413 4847
5340 8544
5099 6480
6158 8251
6888 9231
7876 5318
6398 7660
3291 5285
6869 3698
2346 2986
4784 6923
8890 7039
9666 9038
911 4656
995 542
4015 9900
5059 4558
3215 4836
5987 3499
4412 7713
43 9256
5641 6828
6689 8799
5197 7504
1373 2747
612 8749
2190 650
503 9868
7251 5560
1607 6035
2172 9262
9745 8766
5597 9903
2737 335
2654 9130
6441 2243
6128 5404
2891 9475
7785 6400
1688 9716
2335 3941
3705 8825
4299 7462
4797 6553
4661 9195
8104 2664
4937 8527
5777 1079
8012 5324
5030 3936
3278 6843
7907 1254
2445 5045
2995 6499
6319 3296
446 6845
9909 3735
4566 6128
6097 9481
7692 851
3271 9134
3702 6054
9728 6270
9096 4076
6878 1271
8400 173
5073 2146
8747 4145
6786 5349
1348 3379
9638 9244
9974 4898
4181 2053
8331 8939
2715 5924
4398 1864
154 3429
8635 1327
249 1608
6042 3451
4510 3968
6497 2977
9796 2559
8621 5198
6079 1687
4474 2886
9255 8150
2010 1205
9479 4888
926 1285
5299 6557
6613 1416
2138 4722
1343 7098
9740 1987
2107 7088
3819 8307
439 195
7657 265
976 8936
6753 7142
1253 1771
5101 6232
9056 9500
9606 4323
5244 4418
2360 9513
5127 6527
6411 9891
1742 2907
855 4380
1127 2112
521 7752
9404 3078
5197 7929
3793 4996
699 8126
2702 7478
9303 8519
6230 8085
2540 7116
6772 9045
167 6230
939 197
3145 6335
2308 4481
7926 8842
3261 8332
1365 3490
1510 4784
8285 6149
9642 9363
5439 1354
5587 528
1743 2298
4435 3634
6239 5618
2329 9545
3463 2546
8332 7652
7763 1348
6618 4963
2296 7361
2771 6322
270 947
3181 8193
4280 2622
4414 5336
1970 2411
2215 3305
7 1422
7132 110
5352 2202
3547 3831
1235 1952
134 3592
6898 8421
4911 7034
1549 5290
6190 6169
1034 1547
1960 9308
8868 4847
7867 1244
1201 5210
4620 302
5977 2501
749 3502
8061 9996
1072 6257
2873 7890
5134 7120
7707 6584
6704 7148
3893 118
829 8856
8395 6789
902 5762
9808 4007
4607 7706
4897 4924
7286 1145
4311 8952
5235 2148
9634 6697
8145 7505
6099 1091
1624 3679
115 50
7704 6445
2467 8646
2168 3750
8535 8426
1702 2359
5064 7112
3275 5559
8385 2256
3199 8209
2355 2816
3365 2180
5207 625
5756 2243
7748 2465
1596 1099
5228 4614
942 4922
1896 3120
1414 3644
6573 7875
6859 3398
4105 9584
8803 7649
6262 4758
5492 4954
1370 1057
4109 3250
9228 5877
2646 6005
2242 4731
2291 7949
6000 6614
7015 4934
8858 534
3354 1536
9324 1519
1411 7874
2807 8420
2563 9577
911 1458
1010 9552
7271 456
8280 1462
1860 8311
9700 1181
8582 4490
1571 3900
9989 6977
6543 78
1200 8817
8036 5098
471 5351
971 1637
3346 7466
301 3831
9898 9755
444 150
8207 8394
4776 2393
8094 1213
8768 4024
5962 5675
2607 567
455 7821
8195 7854
8175 1820
2082 1830
4553 1723
2397 4145
5953 6812
2901 90
5875 2498
4438 1752
5170 8305
4032 7811
7706 4271
2157 2997
7848 8654
5492 483
8820 3264
6252 7526
5826 2410
1390 2497
6496 4351
5570 1673
6236 5572
2501 5815
978 1657
4998 8904
3728 4724
3592 9749
692 7173
4909 2655
1613 2671
5699 1617
815 130
8414 9514
9492 4564
2413 7134
2246 2259
4495 8341
2670 8786
4015 8129
6090 356
1731 8066
88 6054
1951 5612
8086 877
2003 3634
1656 9206
3585 7717
5325 2574
3002 6710
4862 5399
8354 4617
599 7253
9260 7232
4421 4165
6638 541
7792 3673
5611 8961
2630 2639
1303 8802
2487 7694
5684 1919
736 147
7958 5248
5421 1277
2644 6851
7221 3815
845 2217
6854 3569
972 1024
3482 2116
7390 5420
8067 2186
7036 4541
2971 8124
8271 5353
4879 3285
4180 1997
5241 9265
135 4288
4332 1900
4531 230
5701 5100
6000 5645
6922 4108
6340 4027
2633 7442
2912 5385
4478 4102
9183 9069
5523 3329
2469 652
3353 1249
5360 8088
1654 8075
1721 8279
7493 1072
2541 6072
6222 876
3955 5216
2616 5018
3656 4287
3286 3874
5441 6289
900 12
6016 3584
9277 4149
1686 9431
5747 9735
3672 9280
1037 7671
6062 5277
8408 7879
6929 7213
5481 3877
2029 3600
7162 5033
5535 5828
8025 4911
9686 7515
3520 4709
8841 4310
4326 6821
7397 909
6493 3739
9936 4803
8435 3907
9584 1528
4994 8747
1988 5211
1748 4843
1460 9665
5194 8317
2545 5497
5262 959
6883 774
2850 2442
5728 9897
3807 4528
4549 328
5589 1571
6391 6138
4675 5215
166 2503
7010 6016
8986 5439
3363 9108
6815 2221
6996 4704
4150 5082
4947 934
4132 7078
3593 8322
4207 1869
9243 7072
6949 6651
7223 7791
8177 5295
8867 8315
4863 8870
2240 5072
7696 8531
5238 3045
9804 624
7488 4390
3549 594
2163 8663
523 615
2113 9924
5293 6092
9081 7549
9814 880
4017 5865
8437 657
7454 3453
7204 8208
4630 3426
3038 1017
7572 8138
7155 7521
1552 2100
2221 5230
7587 5951
1105 8037
1816 1152
6661 8498
6554 6593
6096 2680
2778 4110
5943 1022
3323 8957
4278 3529
3461 5893
6849 9277
8453 4351
3035 9494
7850 1123
3972 1378
4773 2689
7521 9820
613 3319
1271 8456
8088 9985
4034 3517
9063 2907
7866 832
1696 1566
5554 1538
9440 389
5857 5049
6800 2304
3872 7925
3009 1092
8269 603
8322 6403
249 3285
2387 7346
4829 5064
8998 111
6970 8786
6683 8617
408 5245
2204 4692
6094 427
6021 1428
3971 3951
3702 3146
189 8164
8651 8171
8471 8876
4479 4856
5031 1085
2228 6610
5923 6225
6861 5202
7179 3238
5717 1507
4040 4012
4348 3917
3853 9729
6755 847
883 6205
6100 6746
7435 3778
2627 5890
3101 5204
4454 1577
1273 2961
2048 7947
9486 6843
2492 3861
2934 8678
124 5802
9266 8847
3423 2838
818 519
3650 9429
9555 2569
7244 2705
7210 8414
3967 802
3686 5982
6672 4898
9918 562
7538 4223
6651 8130
9238 9195
7000 2479
9382 6525
2156 3554
8310 8887
8376 710
9868 6162
8653 6505
9812 1031
4832 4061
5671 1137
9544 1394
5069 170
6388 9826
3601 1191
6725 9084
2503 346
6865 8236
6729 6076
714 8788
341 4372
1066 7685
1006 4358
3538 2445
3233 7744
2748 8304
6423 4863
7902 8789
7133 675
4082 5011
8267 8463
2917 5744
8140 2492
5746 5690
4979 6390
4427 471
3711 6829
3271 6612
4079 7573
3103 8792
2546 5441
9708 1208
3358 5399
9910 911
7359 6087
1742 7251
7091 8022
874 7226
5440 3760
4124 4778
3364 1494
7167 7052
9986 8690
7241 9937
3005 7969
6459 6512
491 7021
5281 3044
1834 9857
8075 6029
2757 3742
9699 3146
6064 5087
9697 3873
5503 7760
8212 9316
6963 2830
2512 4180
5451 8639
9141 9783
883 4718
4608 5755
1396 2019
9111 999
1899 4655
4800 3606
7013 2384
8705 4776
4322 2106
8504 9764
9539 1251
5048 1759
315 788
3464 8442
6219 8183
1755 3901
2960 6897
4608 996
6975 3658
9188 6294
2003 7875
9960 122
2704 335
6210 4473
2874 7674
7953 7768
3284 2264
1244 3988
1804 4567
6506 1956
252 3881
7886 3173
2063 6365
5819 2762
825 6856
6352 2879
6582 8178
5168 88
3521 2946
9060 9293
347 7675
4358 4684
2177 297
5620 9992
82 1918
1806 4298
4106 9682
8577 5543
5530 9072
9712 3536
7654 9761
9946 2158
1520 103
1158 1872
3930 9247
9240 9445
703 6148
8694 2718
6719 6661
4649 8230
379 6810
8624 1339
9104 5979
7259 3433
958 5222
5113 7813
3616 2113
1427 9125
5445 9528
9588 8477
543 3557
1287 7433
8869 5267
4875 8880
7391 8856
5755 2921
8062 5965
8081 2385
5713 4150
7438 9999
9551 3559
632 747
1524 2451
7489 7062
1322 5604
7673 7889
2793 7886
876 2341
6601 576
1232 9086
8693 4934
7721 5245
5426 6179
2000 2927
7613 985
3344 374
3965 7213
662 947
6659 4273
7871 3317
5862 5360
8693 310
9431 7509
1967 8178
5735 4383
4853 1668
7591 2466
6092 9102
877 5122
118 9877
8678 7885
5675 5848
2261 3224
2266 9243
1196 9061
3453 6969
6224 9578
1557 1254
5624 3081
4544 3752
7481 5798
9997 6441
4903 2039
8652 6030
4703 9366
7692 2040
6384 8658
871 258
4056 6419
591 4349
7115 7479
4912 2468
2312 7007
749 4733
3986 9746
5431 5953
657 2043
5445 1562
5000 5382
2761 8338
2941 4968
2705 1389
7332 9818
3098 6503
7949 5834
4018 8286
609 4531
9287 5430
654 3243
4260 877
2266 8967
898 4712
5339 3362
5500 1909
9176 9298
2811 5123
9215 9164
1008 1020
6379 2503
8721 7497
1224 6144
7011 1534
2776 3121
1274 2116
9411 3151
954 7088
1045 4084
2206 9226
8436 7310
3431 1413
265 5428
9336 2163
9477 3312
1063 7355
9168 4407
6824 312
2455 5674
9136 3593
7070 1561
6407 1781
8791 4422
1319 8879
3500 3151
8643 5893
1776 1371
8510 5240
9904 7491
9316 8819
8562 2128
1854 3147
2425 8981
7235 8440
6261 3135
9046 9971
7882 7531
1120 9826
8096 1934
6389 1017
1994 5698
833 3446
6956 2048
3231 5434
2345 4719
4543 6020
1268 6723
5691 4445
186 5030
5903 4601
4549 9629
9453 3686
2168 1411
3720 2205
3151 8510
7365 5454
5726 5037
7253 1379
2731 6582
7484 6047
5388 778
4310 4184
5285 9202
8161 8378
5941 1153
4716 5534
7222 8103
1190 5161
4804 6378
3303 8567
7732 2358
6248 2899
6616 6182
3944 3009
7827 1667
485 1120
3450 5841
3741 744
7333 7221
3049 6803
8005 6328
1354 8162
3488 4386
1567 449
9793 5610
1824 5629
7621 7368
23 3942
7291 1761
9230 9812
6453 689
104 9697
2121 8743
1533 3321
6567 9662
8861 3581
8545 2306
3008 9808
3072 5312
7561 2548
4379 955
9702 7039
3196 333
8244 3414
1540 2216
8258 4943
7708 985
8315 1512
3437 9548
3340 3636
214 684
6259 5404
1315 2593
7108 5305
6886 8046
8495 8726
9601 4954
5660 7827
4187 2932
9305 9804
7032 244
2621 5701
7461 4313
9615 3603
5934 8621
9334 985
1586 3855
3430 1838
8199 7807
2599 5635
6170 2050
4072 6740
8920 3436
4956 6914
6200 1641
9783 4593
2228 2463
8171 7897
9024 9616
2315 5234
3787 9363
3145 5007
3750 808
610 5559
2533 8275
1078 4764
2756 8851
2883 6831
6266 8745
8959 7532
569 8380
3660 1069
3897 4056
7867 7501
3625 8694
1676 8264
481 4677
7279 142
2570 1979
3864 945
7509 9074
1592 7028
2314 6625
5213 9030
7968 2283
1720 9571
8050 232
1833 6780
5767 6192
3492 282
7075 90
1271 7655
1071 9588
4585 2829
6738 5940
6871 973
6175 4515
3253 1830
2177 4620
3308 9757
3386 7045
6404 7516
4020 8478
3690 1937
2162 415
9132 3253
3718 4922
5199 1606
2731 5412
2489 6786
1766 8863
2319 6485
3674 8157
1822 4895
1065 6667
2668 2145
2226 4608
5668 8547
9879 9031
8060 3188
3012 2308
9272 9543
8445 5735
7832 8563
5374 4639
4508 6045
1439 6733
6386 1492
2589 9400
2712 9526
3911 117
5918 1647
4131 1044
7214 763
4774 7853
8794 6492
9428 631
8067 9355
5910 9007
6864 4821
9678 9351
6060 8215
3726 3164
5277 1241
3572 8762
9813 8785
9523 7252
3698 7324
4829 8610
3969 4869
4550 2947
9744 157
4422 2464
3576 9689
3820 2166
3505 2329
9931 1172
6325 1376
123 9213
6450 9345
4847 4553
6859 394
8365 755
6407 8634
2390 2221
1880 6170
2414 4110
5467 1530
5812 6602
4303 7143
2849 8431
7899 2137
3227 3058
9357 2015
1116 8214
8854 2715
7098 1826
7125 2121
8683 6628
3157 6927
5932 2108
5457 5486
705 6615
8432 2783
439 2864
9278 3715
9320 153
1624 4319
9089 5826
5529 7888
1293 8767
4184 768
5244 7818
5036 9685
2465 2584
4543 9830
9055 8029
995 2619
5767 2632
3303 9290
5562 4926
526 4411
682 9494
2693 6808
4919 8591
2883 5329
9339 6485
678 1451
3152 2458
493 928
9451 4669
3837 7563
8324 8550
5323 8609
4293 4433
6687 4576
8415 6767
5416 7770
3397 2379
187 9934
4252 92
3109 6908
1171 9970
7662 697
4184 3399
5317 1390
5573 8956
2040 9396
6717 7549
1401 7700
1281 6916
1654 4569
2817 1929
8490 2468
1582 5771
5174 7139
2844 1769
6498 1603
9215 1098
4393 6938
8392 3904
2106 9160
3051 5191
3064 7843
1 4554
901 1426
6499 2390
7121 5532
4169 4165
8398 6376
5134 6126
5947 714
4346 7466
6064 605
3202 3863
5945 6251
5877 9246
4955 7960
9803 3027
9580 830
189 4527
1125 3340
657 9760
5426 8555
9540 5351
8149 4185
2996 2493
3779 2536
5386 6445
7807 8976
5638 7028
1485 4682
8805 6720
2078 1881
7390 5742
2481 1392
1852 1049
6989 1802
3084 947
111 2128
2853 7684
7189 9763
4494 9879
3147 8144
8652 9712
7207 7872
8879 6303
6140 1490
2029 1515
673 3373
751 8847
453 7232
4467 6858
2889 4413
1504 499
9617 7205
8628 8513
3002 2499
2722 5580
9627 7610
131 1603
4887 2241
6138 7231
5279 611
7087 5310
1924 4599
7171 6342
4885 6560
1464 2492
9843 8146
2095 2618
4599 6227
3008 238
7170 2757
3087 15
8926 6783
7438 5327
5715 1566
1153 1410
5831 3307
190 1057
2041 23
2862 2240
7808 5322
2399 1551
9317 7460
3597 5614
1519 2080
3814 2796
5702 4758
2443 1361
5757 7557
6301 8331
8958 1538
3135 3850
2815 3718
7475 8715
7700 3893
26 4556
427 3744
6677 6686
8094 96
3096 1310
7293 1588
4916 939
1389 8512
6453 3897
8088 2610
7234 2755
4244 5803
1449 7851
4298 6360
7113 2191
3743 9190
3708 3062
3603 73
8088 4864
6190 3818
4405 7114
347 1648
6237 4765
6508 9948
3095 7434
1501 8905
8415 2731
8324 5789
7202 2763
4291 8262
2536 4488
644 8302
6152 5869
6700 6264
3170 1844
7275 6631
8023 1996
5396 3303
510 8465
6364 1689
6019 7145
9505 2364
4805 1456
1428 3246
9850 132
3184 1341
6462 2481
753 9511
1192 7657
7605 3536
5793 5693
3774 474
2533 5855
5005 1621
1816 294
6349 2960
6869 9436
7298 421
3593 5842
4649 208
3096 3561
180 6499
5764 5760
4511 9912
721 1118
4171 7556
9770 7169
9614 6188
9356 3551
6573 1092
1441 6434
9952 4076
4608 7924
5345 1401
8682 5001
5927 4340
1801 7494
6696 4160
5699 3484
8807 8308
2334 146
3206 5569
8661 3762
997 2113
2821 7227
4193 5083
1910 2037
1839 4965
4411 9611
8024 1775
8795 3722
8780 2537
55 1729
3410 8559
9283 4443
723 1940
9225 3731
5859 5163
8868 5434
6336 8201
3371 6547
4031 2624
8169
8730
8718
6742
3974
5381
3141
7040
6601
1529
857
7896
3784
6713
8906
4456
9001
9227
5286
2039
3946
3720
6724
4650
2825
490
1260
9611
5302
890
1679
4610
4202
8722
7232
2611
488
8847
7870
5764
365
3314
367
7145
2715
6647
2727
7632
3174
5161
2701
2282
93
2788
8886
1177
2161
1926
9563
9735
374
7432
7671
1668
827
4240
2499
7975
2631
2270
2089
7799
6955
1802
6523
2246
4704
7302
6281
5614
4944
9389
8735
7576
4606
7081
1835
9099
1537
1731
4298
8020
1744
5483
3738
8220
3063
5276
7791
7894
79
2695
5551
4418
8391
486
7388
6137
2836
5912
5693
9848
1223
6794
6089
776
3250
9040
4090
2426
2713
1627
1240
8607
713
5968
5926
9795
8735
1314
9414
54
8342
4416
8811
399
8172
7759
2703
2034
9194
6521
6314
9068
7476
2454
8176
1355
4916
9153
2674
6992
3034
9106
5181
75
5952
1110
4305
4716
4884
1105
9282
8569
8834
1228
4933
2318
4152
2639
76
5996
3011
3120
6325
9739
3695
1895
6098
2604
7869
6749
488
2010
6013
615
9430
6171
7988
7975
5565
4135
2005
6477
1108
8024
885
9124
6145
424
3772
5409
8883
9126
8855
744
8589
5923
4054
9858
7616
6389
5239
9948
8123
4025
2490
1229
1052
9235
9051
2881
8442
2503
1944
3973
2966
3454
8569
9038
4873
9480
5479
2211
4010
3519
9626
2715
1579
777
4307
1191
1712
2667
5080
7054
1172
1447
6666
450
2983
8697
2399
4494
5521
2040
2101
5929
719
8061
1407
1350
6624
9431
6634
8002
2622
9128
6576
5437
8931
2974
7953
5464
5995
1013
6596
4830
2560
2164
2451
3044
2499
4721
8929
182
7227
9717
1290
2945
1128
39
2247
7102
3921
9542
2159
8677
9003
5077
8023
2470
8541
5559
3421
8312
724
1497
7555
2895
1785
4099
9618
1212
6668
6021
5073
1794
7756
4325
3854
1219
5348
8144
2795
1601
3927
1459
6217
8793
8521
3568
9687
6656
9502
1391
3457
2380
7517
2039
1961
5641
8491
5405
1024
584
8195
5230
7200
5610
5841
8923
5325
486
6993
1061
852
8166
9040
8641
568
570
4473
8462
2372
5246
7788
5947
5556
8546
4077
3500
8904
1369
776
3998
3889
4549
2589
1620
6005
7262
2177
1366
7968
3865
2314
2753
4572
289
5484
8900
7543
8082
7432
6634
1581
283
8432
8921
8638
9090
5107
3769
4558
2336
6894
2090
6774
6698
886
3549
8781
4567
5153
1547
2584
119
790
55
9304
3584
792
1180
4529
1598
1652
5064
9942
4949
4177
5876
5455
719
8152
4368
9812
4287
6604
7342
2809
2015
7461
5168
8238
4116
3596
8136
5070
8814
2685
8567
2788
5370
7161
5433
6599
3111
7588
8566
9981
5455
9011
8918
9678
7608
3725
342
4621
1602
9648
7017
2399
2894
5498
2250
810
5940
2165
5374
9722
7582
1063
883
1909
9041
2411
9748
3778
3828
9470
407
6611
1460
174
1086
4030
4839
5804
6523
653
3743
7186
7308
8934
3586
8914
7449
6580
373
9010
4289
9230
361
3143
2826
4495
9001
7769
1223
9215
2835
2628
251
4442
1398
7639
439
2681
2221
6960
7660
4835
2645
3428
81
6218
7747
3837
8731
6029
7094
443
2600
838
3567
4954
7649
111
3934
5988
1506
6637
7392
4437
5115
8562
1783
7807
9635
5469
9932
8018
78
1784
5558
8860
2499
8064
8476
1778
7540
3600
7327
3160
7609
2993
5425
4530
1499
1223
5837
4254
9151
2283
7533
1510
2854
7892
1497
8763
1270
1177
5076
9896
8330
283
2352
3656
3609
6898
6273
5007
7397
3377
7486
9220
1670
6313
1594
4099
3507
4853
7027
6306
6432
119
8897
781
4278
4093
1112
7884
849
155
1227
6608
7326
5722
5043
5641
3849
1538
917
9032
555
8155
9672
6052
9896
1673
9196
1122
3650
1853
1873
8732
1207
8658
2825
4122
7569
3697
3764
4262
2458
8140
5726
8678
6837
8684
4171
7462
176
2236
860
6511
5814
3575
3477
6841
1652
3668
5960
4801
1585
2759
4885
990
6796
5823
812
9467
2127
2845
2349
3836
7277
1767
7136
9515
4470
4464
4788
5183
2837
427
9850
9349
6484
3301
7214
1869
5085
5599
1975
5572
1999
4070
1787
908
5850
3951
1781
5072
1034
7354
3598
8918
6616
6180
5519
5027
6499
30
9213
6176
6014
3242
3680
6851
108
5296
3324
5839
9541
1962
2038
2300
9155
6593
6454
8332
8962
674
7619
163
3760
7247
7674
4930
9274
2806
8068
4040
9312
7463
6726
7679
361
8987
6177
7099
4443
2387
5194
7588
7493
7555
3633
8166
299
8744
6017
89
3100
33
4185
3461
2906
4759
2043
6413
2870
7636
464
3539
9267
3832
4560
7714
6532
9205
7644
7726
3370
9980
6589
6767
3799
7512
8707
7037
8179
3306
3673
4862
4904
3773
8771
3774
9953
8139
1616
6489
354
5261
5594
5000
1222
4973
8720
3675
1054
5010
4084
7961
4268
180
198
4767
383
9565
1286
7830
1536
3283
6593
1138
1944
6896
5548
7275
6543
1655
4390
6955
7000
5841
8572
5576
9558
582
1167
7813
2396
2546
9769
1278
6307
1061
6559
7823
8757
9328
4609
9921
8127
10000
6
4267
7364
5791
5588
5598
183
295
352
56
2915
3007
4221
2398
6119
5616
22
7831
9683
4476
436
7876
1268
1151
2328
8797
6916
3934
2886
4943
4256
2543
9141
4336
7579
9519
994
5543
7954
854
706
6846
3257
8047
7891
3214
4003
8125
8578
4022
2365
8414
4538
4663
5728
2777
8261
4856
9508
946
5805
9185
3431
8937
8643
3435
1181
3251
7337
5149
8368
8061
9636
6354
3147
8731
86
784
9045
8881
253
3877
3306
6470
7355
9578
5656
1581
6887
1354
6897
190
3396
1854
2739
3606
4344
5133
2501
7133
3837
9852
8291
5156
9137
9354
4155
901
5825
8377
8704
8804
5376
5183
2774
3466
3295
7036
9681
2574
9832
7286
378
7455
8653
4343
9899
7523
3797
8803
9368
6459
8950
222
8787
3824
7696
3241
2879
7205
7023
6543
8516
6669
4964
7536
7972
6941
1883
9726
6918
4718
1416
4020
9414
8163
2089
6438
7119
5293
1556
470
2638
361
8262
4590
8649
4690
6242
9415
8522
6457
4182
6799
2764
4798
5117
8916
5205
3801
9970
8810
5031
4370
6473
3980
3595
2729
1389
6093
9860
7213
3726
1776
8422
6024
1986
6901
8274
8059
8500
5419
9855
1413
1456
4617
1915
4425
3677
8698
4338
4613
4558
3683
9890
4679
1346
698
3194
9497
4570
3494
3826
5082
9555
500
91
1741
9130
8729
3746
6207
8998
5111
659
3017
3427
5189
5961
8535
3251
4675
8852
3321
1438
4395
2370
1333
1873
4698
5528
7948
2766
6198
9864
2620
7518
855
7224
5685
1006
886
1542
5942
7690
7868
44
9048
5524
7705
7032
7019
7656
1615
8840
6088
78
6062
2260
9926
2690
3335
1078
8316
5582
2969
9132
2079
3107
3098
6947
8942
1386
6849
1110
5660
282
5142
5516
811
8562
9458
8476
3140
4914
224
9757
4491
5830
4941
1305
6365
6678
3100
3860
7003
3061
5964
7416
3330
2201
8553
9387
8782
115
4134
772
1862
8293
1435
9496
4423
2214
4185
9984
3149
7966
4077
441
3879
6261
3010
7423
8696
7290
1254
2178
1199
4153
8656
6456
4568
7902
7386
4911
2581
8807
7673
7608
3898
242
747
2927
6636
2321
7855
1804
699
9209
9187
769
2084
1575
8372
1700
5004
7962
4796
9984
5996
3650
6924
3428
7075
2969
7551
7828
8798
9473
4469
4667
6759
517
7097
6965
920
4673
1431
8139
5757
4368
1344
9827
7309
8289
419
6696
891
502
106
3974
683
7120
9633
7231
1056
1542
2366
4062
5042
3368
6978
9711
8393
7435
28
8815
3374
5241
7801
2500
7067
4052
244
4754
2333
2073
8181
4681
2837
4678
9076
7466
2941
6414
5866
9449
6129
7677
2632
7372
686
5519
1880
7256
1392
4848
7598
1726
1162
1554
462
1742
8449
673
6201
5041
2437
5205
1351
7581
5703
5655
4153
9212
199
2114
6037
2108
8391
8556
5453
8652
7618
6351
7025
1409
1629
2028
2917
6660
8950
6228
956
4573
3727
1576
1727
4493
5136
9376
1665
2793
1071
1134
8807
809
6704
7711
2011
3547
5571
4489
257
2847
2337
247
690
7380
2114
5098
3668
3107
214
4761
2142
6711
9415
540
6915
5996
9790
5037
9238
4431
4759
3749
6753
9050
2689
5434
3412
9524
5049
2531
5603
63
8096
5635
9559
6675
4035
5186
7214
2987
3077
1011
6918
5519
9762
522
2095
9134
5754
4804
8564
5036
2432
2365
5962
4028
8267
511
1453
6201
4580
8749
823
2466
347
9430
2054
7891
7956
190
3521
4135
5180
187
563
8845
7151
2052
589
1723
6277
4404
6324
8177
3269
862
6899
9985
5553
5994
3814
8783
1056
1484
9357
2859
5320
5953
6773
4811
5810
5247
4675
6303
1985
9819
6386
8737
8125
1212
982
4961
5639
3564
522
9292
2841
3443
4664
2830
8916
9802
4764
8977
6921
1064
9701
3616
6085
9723
2947
9652
9119
3403
9100
3231
57
627
7886
3799
3074
1408
565
8037
8075
7431
4178
4426
9153
1001
5399
1762
1055
6804
6747
8048
3041
4011
3040
52
3906
1811
1000
6790
1017
1212
1259
1162
9859
584
3005
3037
6325
6549
1240
5679
4735
582
2300
9612
210
3819
6664
9867
6706
3147
7347
861
2983
4058
4038
8469
6570
373
5908
9517
3315
2553
9941
6798
813
2690
824
9738
6818
2087
1139
2202
8643
9891
7932
3478
1647
9890
3187
6053
3020
9669
8017
5458
7245
2443
1158
3658
4722
6632
1163
6704
2628
784
7019
2686
1930
2427
2581
9523
7561
2923
3594
6184
2588
9901
7984
9284
1416
8740
8952
2519
3811
4068
557
8250
9843
7533
1059
103
4018
4865
4985
1323
909
7669
4537
2537
2931
8145
8867
4323
4718
9764
1695
8159
2197
508
7759
3372
165
6446
8490
130
3584
2398
7231
1072
5061
855
218
3114
9982
5857
3861
790
5913
367
4091
850
1667
7791
8841
7564
8540
8482
5275
9350
2686
3329
2178
5663
9394
7503
4532
6707
1675
9613
9847
3999
7922
520
5100
7447
506
8771
9686
1478
8470
8913
9791
653
3469
7577
9912
8564
4438
8490
5758
8810
7036
724
1876
4720
6823
2511
3490
8321
5495
7058
1667
3910
3510
294
6624
9340
4351
1783
8408
2940
8116
1726
8256
6520
7460
8225
106
2126
9856
9516
1012
3811
9155
3957
545
5995
2777
5733
3746
7144
5196
6136
9645
549
4703
2946
4019
5473
8189
4769
3250
9155
7839
4049
4030
2377
385
8716
9315
8305
5974
9058
3311
5955
3048
6450
1663
4777
3521
9774
9437
2909
9996
7558
2653
5801
2868
2442
9734
8030
8541
8956
2904
1948
3868
1589
375
6247
5628
3325
763
6910
4023
709
4488
5943
4087
6011
6066
493
3754
6965
9107
1593
9280
9363
3073
9747
6689
9616
2109
7864
4059
9216
4485
7375
4690
3139
8589
1826
1354
1015
5181
1406
9806
9404
7168
5713
1827
5987
4511
960
6465
743
7091
9880
1652
2059
1991
6295
1489
5642
6746
2516
5704
1593
1992
768
5091
2717
9997
2160
6731
3502
323
6677
1763
4034
1735
2226
5586
5463
1470
4046
7859
268
9890
8180
9195
7390
5560
8421
6502
6702
9058
5381
6457
40
6247
8654
9709
8177
6525
6705
5520
2870
8299
3229
5084
5159
8731
1283
4372
1951
8245
676
6780
6400
6233
6258
198
123
5851
1718
7383
5393
1840
1239
1563
9906
5174
2299
3511
8532
9081
6187
4550
4442
2843
7963
5625
4533
9633
822
6848
7368
1616
5267
6410
9449
79
7097
4581
4139
8911
4275
6701
1011
3662
451
4690
2754
532
5735
3319
4689
300
6970
7352
119
7085
9044
1824
4276
7392
2002
901
8612
8458
9952
2265
8607
3006
1936
1278
6512
1100
8804
1083
4166
8918
447
7357
9521
9486
6549
3572
213
2284
5043
3331
7441
1624
8535
5200
4236
5141
3456
4519
4352
4523
7535
4134
4294
4793
7632
7982
5179
4282
2813
3236
6727
3368
2633
2736
923
7171
5467
966
928
5522
1959
7342
7137
5889
2234
5818
8171
4750
1253
5052
6597
1592
3531
8549
8690
4739
5973
9124
8551
4836
5492
9354
3948
6315
4600
9307
5511
2617
6912
978
5997
8195
7970
2083
8823
6559
1890
7949
8091
9290
3025
6127
6259
8407
8042
3371
7569
5876
3067
217
5134
1358
7297
4944
4791
7694
6406
9144
468
5630
2114
4374
1925
9326
1600
8635
6653
7437
4224
3474
291
1066
4810
6442
5024
8826
2832
7458
7248
1235
4678
749
8628
6984
4536
3240
3016
1078
6017
9794
7538
2885
6499
9511
9436
1355
2973
5918
1428
9765
8611
1612
8850
5473
8369
2174
9775
9117
3740
4881
396
395
2317
6611
3726
2690
4242
5294
7806
5173
2582
7882
4031
342
3319
621
6913
9668
9622
6595
8431
276
275
2206
6060
9555
2313
9024
4818
2988
827
3298
3944
7449
6855
2220
5353
4687
5728
3379
4249
1273
8178
210
7178
1267
1038
1756
3431
5290
1248
9083
3541
7487
3890
733
9990
252
3604
9848
9389
7093
1657
7202
4942
1039
1642
3165
4070
2067
5648
4080
3762
2565
1036
710
9073
5945
4047
28
8134
9721
584
7695
4901
6450
369
2219
9528
5906
5241
1441
4502
1307
7210
6987
8441
987
675
1273
1105
7765
8140
9967
8901
1195
7586
4140
2562
2522
8710
2965
7401
4951
7079
4595
344
9514
1031
7641
5008
631
1224
1602
7020
9111
7994
2126
3318
1352
4248
5132
1914
3070
7101
1616
3455
6977
4328
5637
8593
8952
9024
7814
2207
6890
1333
229
7301
5841
2955
748
3278
9883
978
8720
7589
7718
8642
7271
9317
1204
7376
6760
1251
5145
1437
4655
6764
4311
545
1404
2708
9126
7481
2090
5649
1727
434
7082
214
2203
2032
4246
5142
1937
5853
1227
8694
395
9238
4097
6540
4536
7814
1493
4668
5336
5882
6129
7750
3872
6133
7361
7763
545
4939
9004
916
1219
3897
1152
3238
7629
4238
9918
2787
3202
6290
5630
750
7223
5002
420
7400
6060
7819
573
6312
728
6321
6934
443
331
5689
5880
1520
1922
5144
7253
8748
6675
6445
4910
5657
2324
9935
2891
8480
1828
4124
4849
3714
3398
7217
5390
4807
6720
4855
308
4559
5506
7431
5276
3426
6121
6731
5816
7851
1056
4166
5066
9993
3332
3551
8419
474
2730
5141
2842
2693
8562
3965
6542
4620
8287
775
8958
4514
1294
129
2467
9527
9402
2404
9638
3680
8461
2920
2883
5009
567
4616
9495
612
3448
7422
1716
7293
9963
6417
2550
6358
9720
9944
5083
5573
3451
1802
807
1193
7069
6807
42
5320
4874
4522
8109
3571
712
4617
12
1361
3842
2001
3422
3046
516
5171
7986
3346
1994
6082
6812
1966
3997
6069
9673
8793
5273
2401
7030
7232
7862
1868
6437
521
2823
2023
5840
1015
2562
3797
5878
4879
8965
2444
1398
8180
2971
1075
9396
1397
8375
5454
2677
7513
537
6825
9140
9539
425
6641
5421
219
5515
9812
6662
6389
3255
7826
2654
1447
7537
994
6821
452
9679
5609
477
6316
9095
2437
6479
9456
4073
5488
9953
333
3205
9992
7111
6209
8883
78
8453
2717
6105
9854
403
1346
9457
9648
3730
3193
632
593
978
9988
6315
4916
9334
5978
3403
5351
2615
1833
3721
3974
8843
110
8701
508
8254
4081
2844
4187
1710
2847
5651
8867
4241
3237
4897
2011
7110
1847
5
7220
8351
5547
3729
2300
7166
4834
8217
2533
7391
1894
8415
6749
5323
5257
9475
67
4889
3169
4759
690
845
2188
2439
1856
644
3196
6470
79
2314
6121
4809
4578
3955
9616
7349
3856
9935
5217
9083
787
5413
2977
5993
6918
9728
8591
2016
2989
6375
2303
2694
4410
7501
7916
6914
2169
3715
7331
818
3758
4315
5531
567
6293
8760
258
2299
7863
4054
3370
5474
9535
6785
1774
9332
6358
1752
4969
1401
8406
9578
2938
3642
7506
3050
7994
9281
9849
5069
231
6086
2897
6706
7168
5709
6514
4309
7873
2665
4863
1808
5193
4756
6168
3309
3607
6415
675
2162
5325
6195
8463
1854
4207
8694
9976
2335
3914
8874
8595
5612
342
7003
8411
4347
4233
3431
5822
7776
2404
9392
517
8512
750
6143
9010
3605
4546
7822
552
5692
7018
5743
3058
7070
7760
2851
2653
2353
3078
892
3850
59
618
7847
7957
8120
3079
2998
801
2247
5921
4854
7967
7251
3929
7733
4330
2424
2339
5669
7834
8534
6676
5086
7015
9319
5734
7975
2984
7834
1310
4498
5684
5902
618
9715
542
6532
7284
8331
5524
2636
9437
1776
9646
9321
2621
8207
2253
1459
9477
6607
9517
6979
6459
1963
7270
7429
6131
4082
5953
5870
4282
2490
5758
7801
7292
7772
2878
3802
5997
8939
4727
7581
859
9187
14
6782
9269
8873
7541
9095
2286
3002
4525
786
5358
3503
4044
2282
6492
1115
1593
4350
7904
8259
9948
8826
8693
995
2856
8882
3519
937
6130
9575
7051
9069
3560
5672
938
5517
722
3343
4610
7549
4332
1543
5804
2653
4092
9609
6998
6144
2208
6842
4031
5779
2265
6121
3507
6434
3747
1992
1544
7512
6864
4219
1438
5297
1045
1209
29
4597
5982
2309
8517
9915
6402
9902
7268
2881
1969
7779
2912
1613
366
8331
2235
1518
6597
3201
2169
9237
4813
7063
953
2124
9964
5476
4232
172
3616
9648
7570
4891
5590
2818
4496
8653
9752
244
1537
2579
1353
9689
2537
3805
4403
9416
3411
6843
1206
2603
8626
4434
282
201
3209
9626
2202
6263
2649
6644
1092
3732
7530
1491
8398
3475
4529
181
3386
1101
1392
3783
4016
9442
9178
153
4896
2061
440
1312
3452
6368
556
5568
2325
3023
8418
7281
655
3379
9384
2116
6384
4746
1262
8582
2529
9473
4122
8020
9940
7698
8353
8356
1882