9.07590942 -1.37076011
8.62598738 -1.33897669
9.00831237 -1.26105405
8.87966192 -0.98536010
8.67115335 -1.54648350
9.55073422 -1.31804710
8.80811358 -0.81607075
8.88617084 -0.86194045
9.43346194 -0.49164329
9.12894049 -1.43995094
9.04445165 -1.18022432
8.27595701 -2.17023137
9.09111142 -1.27814558
9.09734970 -1.00864327
9.52365128 -1.45285398
9.45809416 -1.35373281
10.05497216 -1.84858364
8.95311466 -1.16777213
9.07725172 -0.94810440
9.33790176 -1.39510562
8.94899306 -2.07918399
9.59044710 -1.53913693
9.19810865 -1.30965426
9.42820769 -1.27772324
8.68082764 -2.04730951
9.10002128 -0.74936589
9.28864761 -0.38716623
8.84789005 -1.80738558
9.20077375 -1.17649859
8.49340855 -1.05389517
8.67582619 -0.74249048
8.85923278 -1.48281387
8.33812646 -1.45989771
9.56168241 -1.20539053
9.34927438 -0.55601401
8.75207503 -1.37023054
8.67053541 -1.06191741
8.76576906 -0.73799456
9.06751851 -1.85617012
8.88604186 -1.65146081
8.55952177 -2.30025179
9.32219695 -0.92321360
9.14589141 -1.77944030
9.08211497 -1.48249155
9.52982161 -1.19414113
9.22893398 -0.69130928
8.88248756 -0.87614102
8.04984299 -1.30890091
9.29857084 -0.63542672
9.07925827 -1.25069884
8.58945290 -1.25804804
9.26872892 -1.68232568
9.07909654 -0.76684582
9.27715061 -1.25168865
8.90346831 -0.99733573
9.12315923 -1.38127684
9.37153939 -0.95519687
9.19213371 -1.20882765
9.53645418 -1.39831979
8.98880311 -0.89423198
9.62452791 -1.36450872
8.80398925 -1.28956543
9.38045822 -1.17925262
9.08411770 -1.76077662
9.14589226 -1.37520701
8.97628878 -0.91882413
8.63510741 -1.95305390
8.60574182 -1.26123975
9.12619944 -0.76323623
8.72181574 -1.30751246
9.05878483 -1.73445929
8.33422361 -1.24268742
9.14672615 -1.40730956
9.14407236 -1.23627522
8.04120904 -1.37282863
9.11783234 -1.11334152
9.36744241 -1.46188100
8.44383342 -1.15653752
9.21266402 -2.28391350
8.23100264 -1.31113990
8.88867719 -1.37858589
8.86025985 -1.11755534
8.57414074 -1.20937589
8.70944949 -0.70019921
9.19624549 -1.25204809
8.30760894 -1.37464213
9.61326435 -1.30717804
9.47704990 -1.26963911
8.82245957 -1.27911162
8.79321044 -1.70879535
8.22574144 -0.13848197
8.69390783 -1.15273129
9.01654151 -1.34865222
9.07241226 -0.60953463
8.93291311 -1.31235601
9.02388659 -1.07482612
9.34950860 -1.43487800
8.71562423 -2.02686730
8.80667121 -1.52765888
9.33326651 -1.52714432
8.71668740 -1.53111876
8.81740767 -1.81880415
9.18921471 -1.75428452
9.43812385 -1.01406801
8.90887196 -0.59179770
8.69644523 -1.29265931
9.55399749 -1.69508228
9.33811501 -1.49683812
9.25751333 -1.19757810
8.17924762 -1.47016026
8.63522970 -1.02356906
9.22470761 -1.44862761
9.64351687 -0.75081667
8.91669621 -1.20055448
8.72760865 -0.66335280
8.98381879 -1.65104457
8.64795865 -1.29388411
9.05646848 -1.29391356
9.01396587 -1.94938609
8.91980329 -1.03495009
9.11444293 -0.92425482
8.69848305 -0.67946674
9.24795880 -1.34619428
9.17362233 -0.91571684
7.97918184 -1.22558249
8.62910841 -1.69167862
8.50154807 -1.81643675
8.79385733 -0.59352803
9.35950065 -1.60375447
9.64583693 -1.80695153
8.96274794 -1.26416579
9.39828004 -0.97320067
9.17715733 -1.31941853
9.14158065 -1.00063034
9.87716394 -1.99939457
8.95687073 -1.61189053
8.74548686 -1.45358855
9.15835966 -1.41936413
9.09606660 -0.70727431
8.80850241 -1.93784496
9.48452806 -2.04819996
8.11474476 -0.94258601
9.51059729 -1.76875626
9.13407120 -1.53584026
9.48354830 -1.07430932
8.57757625 -1.06615566
8.71982972 -1.62058984
9.16288534 -1.11978342
9.73432119 -1.51639844
9.44336015 -1.89141509
9.09889766 -1.83399925
8.27971258 -1.00905362
9.25059288 -0.70401461
8.78015405 -1.61046798
9.67709887 -1.41264349
8.88630376 -0.71136829
9.49013636 -1.12683339
8.87391565 -1.37487993
8.79915916 -1.28045874
8.52646167 -1.68315556
9.30176592 -1.42751309
8.94006098 -1.66752178
8.45707275 -1.63114964
9.25836218 -1.16035594
9.12117468 -1.46238512
8.56742883 -0.55970430
8.77088695 -1.51567555
9.62482434 -1.87660706
9.25768932 -1.49755493
9.60754690 -1.34505107
8.26935463 -1.19628630
8.95731004 -1.02249536
8.66439355 -1.55430249
9.33526028 -1.03912866
8.78274341 -1.02957366
8.96036273 -1.44346865
8.78942832 -1.40187108
8.97058268 -0.71673658
8.53215916 -0.68059713
8.61218939 -1.62461783
9.82377902 -1.29445208
8.65928733 -1.77978957
8.66702510 -1.04410002
8.87493398 -1.56945141
9.66851434 -1.15626621
9.41887672 -0.63585146
9.51663934 -0.78553352
8.43610272 -1.12028005
9.39116469 -1.45564408
8.94346296 -0.89157798
9.49438941 -1.24900656
8.70206242 -1.74214817
8.66780513 -0.46097373
8.99581861 -1.61996254
9.02532271 -1.67927095
8.81168827 -1.12446207
9.14126240 -1.34352186
8.24396756 -0.96160674
8.36871590 -0.59843186
9.04356850 -0.53434092
8.68615110 -1.40964509
8.75074466 -0.92569974
8.43204418 -1.58532224
8.25161188 -1.07739857
8.94012579 -1.23794065
9.06603459 -1.03280143
9.20177112 -1.39523245
8.98831823 -1.42833442
8.90493707 -1.34810405
8.44962476 -1.04433261
8.91689872 -0.64153855
8.61335446 -1.53527637
8.33958422 -1.68830020
9.11106458 -1.61495936
8.92345950 -0.86578185
9.11899605 -0.64530068
8.97949793 -1.39481577
8.82758934 -1.65306977
8.90250080 -0.41779265
9.31582009 -0.76473583
8.48680069 -1.67106482
9.21596535 -1.34088867
9.53763356 -1.75562221
9.68152548 -1.03811600
8.98128685 -1.60673866
8.41764399 -1.34585299
9.31719956 -1.82288570
8.76375929 -1.31287652
9.34286445 -1.37568461
8.64332538 -0.53318391
9.23473988 -1.08417515
8.63723165 -1.06277227
8.47700572 -1.59502578
8.52613187 -0.44529839
9.66091679 -0.54919150
8.72809092 -1.12874943
8.88690321 -1.56307892
8.60099809 -1.65543160
8.88804371 -0.87713315
8.84800955 -1.42636677
9.05703772 -1.02724613
8.18705118 -1.23359812
8.86535935 -1.06459466
9.59152080 -0.93385589
9.14238734 -1.75342096
9.39970491 -2.08055458
8.66373097 -1.47700370
9.52167035 -1.73497980
8.51072856 -1.10412327
8.01413824 -1.70295784
9.12617512 -0.99448027
8.99086808 -1.49962933
9.12018309 -1.43663873
9.11402922 -1.74796402
8.82527873 -0.58580930
9.23266064 -1.33141570
9.05167260 -1.42597866
9.65893551 -0.85716968
8.90008998 -1.37766240
9.19470245 -1.18518055
9.28687823 -1.78074421
9.21053378 -1.29594565
9.26744055 -1.07379931
8.59297010 -0.93599085
9.02982996 -1.89017678
8.94854661 -0.97165947
8.67108643 -1.62636254
9.45209945 -1.02178324
8.18721430 -0.71622793
8.25577360 -1.10775395
8.38130635 -1.39988057
9.61098169 -1.60431339
8.62985129 -1.55490808
9.14603050 -1.35439188
9.07055819 -1.85844515
9.38802235 -1.11503648
8.81361713 -1.93545012
9.35457955 -1.64373943
9.48119521 -1.65397930
8.73420342 -1.28420762
8.97324013 -0.79200987
9.11340300 -1.10102575
8.89662543 -1.73561655
8.81325568 -1.36715105
9.28175068 -1.11883457
9.25926721 -1.21837177
8.62405047 -0.81191367
9.24287651 -1.79762509
8.95104644 -1.40471077
8.53008196 -1.55664321
9.04634503 -1.43071512
9.41436225 -1.98520774
8.73003401 -1.52091957
9.43126077 -1.42381202
9.58849817 -1.85358305
8.24287195 -1.49850671
9.12352600 -1.17680587
9.03867881 -1.11431634
9.75870735 -2.11275883
9.24607174 -1.19629074
9.21988458 -1.52590760
9.12505566 -1.73013960
8.80682514 -1.06271521
7.90990265 -1.68330278
8.88357015 -1.77667277
8.57933575 -1.78181078
9.42616716 -0.97318133
8.44148940 -1.05187146
8.99775385 -1.39362100
9.52650716 -1.65962594
9.11756444 -0.93661889
8.96391211 -0.65139384
8.40720753 -1.86960797
9.08870263 -1.34655747
8.63263734 -1.36092361
8.95901424 -1.72323367
9.00941681 -1.22705951
9.60042772 -1.19786655
9.74810992 -1.52399923
9.59259956 -1.48688098
9.25378131 -1.55820565
8.81797226 -0.88847468
8.85406037 -0.52324830
8.94071225 -1.31474398
8.93204109 -1.51619500
8.91401046 -0.99937430
8.80018302 -0.87894437
8.90705751 -0.61432738
9.38017454 -1.99935935
9.26322189 -1.45083917
8.97049228 -0.90175380
9.40013066 -1.92038524
9.27786701 -1.44516660
8.60607196 -0.69365958
9.19674020 -1.47560100
9.64159043 -1.42631702
9.50088433 -1.32649454
9.21201657 -0.33925734
8.43033824 -1.91624665
9.04689944 -0.47412125
8.69371813 -0.46699122
8.95612945 -1.59673138
9.28488159 -1.44570587
8.71521962 -1.50157685
8.92708902 -0.92351165
8.86096714 -0.65829270
9.29949858 -1.03961444
9.21547347 -1.61706560
9.06419132 -1.39031572
8.12771130 -1.33607930
9.96089706 -1.99877697
8.77029077 -0.25300219
8.54802265 -0.31144290
9.64763230 -1.05074379
9.45458771 -2.13903448
9.53170660 -1.15162413
9.23199842 -1.05760563
8.57924772 -1.02811293
8.96869668 -1.42652508
8.88585001 -1.27244459
9.18405227 -1.68052418
9.01816972 -1.27443023
8.89325525 -1.32912687
8.44346632 -1.15907562
9.24686391 -0.72592490
9.29804189 -0.87370862
8.70486158 -1.70731221
10.07348080 -1.30087016
8.65486613 -0.94725412
9.33739821 -1.17026834
9.50956595 -0.83766130
8.73434645 -1.67309617
9.01150841 -1.19362060
8.95874802 -1.91103478
9.24695543 -1.52362858
8.99386346 -1.61522038
8.34915255 -2.14533186
8.49899507 -1.19797651
9.30879687 -1.66053210
9.29192247 -1.67897565
9.14808702 -1.34857004
8.30438665 -0.77101310
8.85642058 -1.10467531
9.31717907 -1.16600949
8.87411415 -1.50254786
9.07983227 -1.36800452
8.53935976 -1.45626037
8.99991138 -1.54939372
9.01653429 -1.61204342
8.97288208 -0.81483942
8.85866405 -1.80815834
9.32779643 -1.63893712
9.16679963 -0.91418192
9.06871113 -1.64845905
9.19097695 -0.93480844
9.14599969 -1.16072756
9.05360994 -0.38494530
9.06145335 -2.19082979
9.71106792 -1.96544469
8.45872146 -2.07026049
9.07817124 -1.74833028
9.90791209 -1.63355979
8.89776130 -0.88807101
9.56139894 -1.36870384
9.38918012 -0.67070779
8.67489842 -0.88685982
8.44346500 -0.97646231
8.96542402 -1.43262772
8.91394109 -1.63870995
8.80200655 -0.98744291
9.26809899 -1.34057247
8.48291321 -0.51678163
8.54346130 -1.06482342
8.11103821 -2.02300620
8.36958452 -1.39236808
9.12505880 -1.39567477
9.15316591 -1.36073365
9.13460835 -0.99321620
9.40465975 -0.83365267
8.65919966 -1.56297010
9.03611888 -1.21683633
8.94852052 -1.35153689
9.35610423 -0.88497508
8.50654789 -0.80969410
8.64117110 -1.58881435
10.47948882 26.29787221
9.65264552 26.23893981
10.21705003 26.17545417
9.65743167 26.56683240
10.25993348 25.47037990
9.92591645 26.55596854
9.73725691 25.91822716
9.51781791 26.03859236
10.01366560 26.84975866
9.99010852 26.78920779
9.38881377 26.53872608
10.58157498 26.94726080
9.54756170 25.84058280
10.43944144 26.11912954
10.51555311 26.26514886
10.46338534 26.14512200
9.31889471 26.08467541
10.03524772 26.59860243
10.06674453 27.14218069
9.65647738 26.42838737
10.99571020 26.25166365
10.14323415 26.21375088
9.03588662 26.46011961
9.74560946 26.08825784
10.62493832 26.63781629
10.24168384 25.69874678
10.72478609 26.14769331
9.39804095 26.27041417
10.41891668 26.56066340
10.30762809 27.02748999
10.29661403 25.95247948
9.81874841 25.80022891
9.68742133 27.04597804
9.98570635 26.34832546
9.63785878 26.67953385
10.97569348 26.15757971
9.56179688 26.63179984
10.05013332 26.40694293
10.86421177 25.89317627
9.67081326 26.52673734
10.49102618 26.38751997
9.57366415 27.34630581
10.00342370 25.32993044
9.80934368 25.82056349
10.34209377 25.88511339
10.68710417 26.50322873
10.35213593 26.72659581
10.47157852 27.20649964
9.72533410 26.31100648
9.52630126 25.80494138
10.09409124 26.46033650
9.80926162 26.49337618
10.01799090 25.91326967
9.78028759 26.65220825
10.17811859 25.86342877
9.88437622 26.13885583
10.21664542 25.87624012
9.18017921 25.80848144
9.83969782 26.07355539
10.46381808 26.39502058
10.03304631 26.12173163
10.05513642 26.03553411
9.79247157 26.27722826
10.38876148 25.76846945
9.84722673 26.59814254
10.14782346 26.08714393
10.17611734 26.57639475
9.60444925 26.31498601
9.43735212 26.44934903
9.63624187 25.91809952
9.95761210 25.62091630
10.11495530 25.77788372
9.68055498 25.62504382
9.98753988 26.28747796
9.59722654 26.54248871
9.32694260 26.01114261
9.49715771 26.21572804
10.34458212 26.33061130
10.11636448 26.36376622
9.47513000 26.63510023
10.06350960 26.33277923
9.56537642 25.88158008
10.43057752 25.68065750
9.99476817 26.26156667
10.61403079 26.54858042
10.68946452 26.54091506
9.82714446 26.40664271
10.06102239 26.64195320
9.86088980 25.99853451
10.19693492 25.78420830
10.04391205 25.87273582
10.27986449 26.42659799
9.90660013 26.38256872
10.33957446 26.17481109
10.44299138 25.94688705
10.07991642 26.45622877
10.66419717 26.09187220
9.86145302 26.11101853
10.18255526 26.21058883
9.62178358 26.39760344
9.91685559 26.62127387
9.87047030 26.36293887
9.78639764 26.64696367
9.90911137 25.98429019
10.84722284 26.54965903
10.69209163 26.17107213
9.97366994 26.02237043
10.37257941 26.65967056
10.09895937 25.72907008
10.40423833 27.00523042
9.56777385 25.89288995
9.89467399 26.08781077
9.91228413 26.15027091
9.59820297 26.21776582
10.42416006 26.40427965
9.90540273 27.06321650
9.89471592 26.32907328
9.73215041 26.06803978
9.86451611 25.35636002
10.24367869 25.57512785
10.17785398 25.96244861
10.30753594 26.20514090
9.32364346 25.70437090
9.59217455 25.82627785
10.02230588 26.09578516
11.14163640 25.67974736
9.33753116 26.88987702
9.89241385 26.40768747
10.10348008 26.28840941
9.92972985 27.01499118
9.96022556 25.66851975
9.83857498 26.39328178
10.30811816 26.21548400
9.44179536 26.50918677
10.15709657 26.33439342
10.07001517 26.67467671
10.80600164 25.85896148
9.29532612 26.68294556
10.69866979 26.06752593
9.96759931 26.85312101
9.38622120 25.91689710
9.92251872 26.39389468
10.35557417 26.09574862
9.62677748 25.63913537
10.33484644 25.71978773
9.84860851 26.43283196
9.61273493 25.72925213
9.15502309 25.69147044
9.76905191 26.00689530
10.65947000 26.37358028
9.10042006 26.48893640
9.66809489 26.55775802
9.85832151 25.84409352
10.36043028 27.25144877
10.10395554 26.52314031
10.45441904 25.98065735
9.65591602 26.04992390
9.76596541 26.38622478
9.70983430 26.10165900
10.44260985 26.57947866
10.61846797 26.47384372
9.86112202 26.47735753
10.07681337 26.57807435
10.33483466 26.90119538
9.99143088 25.89902949
10.35598179 26.36691036
9.77471759 26.35325044
10.38080044 25.64217387
9.52800304 26.70073193
10.71779090 26.58930082
10.40662920 26.32969321
10.11116420 25.12363611
10.02532417 25.84527880
10.07317173 26.64910727
9.92828771 26.50561210
10.09338135 26.38235983
10.35049072 26.80622343
10.36357218 26.44945039
9.90489942 26.35270663
10.61780980 26.31035872
10.00064427 26.61051476
10.39818771 26.24064501
10.39664258 25.78870445
10.05630075 26.43957606
10.56297367 26.21589855
10.24656976 26.45959440
9.59289702 26.37062144
10.36799125 25.62548734
10.42584203 26.00535664
10.34236010 25.99559575
9.82307031 26.16182427
10.57143179 25.67520592
9.68944876 26.86823934
9.67529136 26.23584207
10.17121474 26.56117989
9.54375586 26.26471824
10.18972716 26.96859115
10.16166144 26.51504098
10.24883565 26.45759780
9.46635293 26.42336877
10.46466763 25.30529706
10.65340625 26.35565828
10.26805492 25.92511272
10.05741713 25.80065177
10.20243029 26.15086614
9.51321309 26.54973794
10.58818853 26.35253074
9.83186791 26.26778959
9.88573911 26.65173891
10.31087237 25.61195245
9.48302655 25.58397581
9.76088543 26.31868679
10.08575358 26.35292049
9.93603868 26.56089390
9.61234864 26.60065981
10.28261449 26.18490059
9.98488496 25.92851448
9.49161136 25.89514608
9.65096385 26.11339473
10.11939304 26.43366523
10.00679650 26.39669577
10.20863718 25.61311055
8.75108945 25.50585081
9.64475459 26.07624647
10.92753905 26.07574333
9.65325141 26.24365900
10.31594246 25.87882541
9.24868263 26.23642190
9.77206650 26.49697255
10.11998894 26.53023652
10.35964674 26.41851785
10.09280806 26.08911107
9.80705442 25.29846839
9.34546092 26.17826460
9.78905456 26.40663201
9.68653712 26.70192583
10.28172116 25.59015585
10.66718936 26.43109653
9.89015160 26.59286989
10.29610925 26.19602497
10.17925842 26.60660749
10.09672727 26.66634710
9.24603141 25.74671124
10.28523827 26.36628800
9.80714447 26.27052906
10.35336246 26.25411059
9.67814344 26.13023699
10.33497659 26.19050393
10.92922182 25.69323010
10.63255716 25.39100299
10.60106666 25.93257493
9.83524222 26.23485928
9.67090205 25.55974448
9.92219816 26.13408187
9.59625545 25.45319008
10.77190054 25.96724462
10.19365009 26.73806495
9.82063471 26.21209250
10.42972041 25.34470759
9.26773300 26.09356667
10.39446510 25.81540878
10.04049478 26.49170446
9.84151466 25.51561174
9.64141325 26.56855683
10.22797946 26.22828520
9.30522146 26.13039455
9.65160712 25.84784984
9.61031335 26.04971204
11.19945030 26.39261422
9.99386093 26.01980472
10.08274288 25.64463864
10.83030986 26.62225629
9.98710175 26.25848267
10.64218071 26.82347807
10.23614526 26.22005856
10.11406369 26.14909650
10.14242173 26.95770617
9.37216341 25.93280433
9.61905281 25.97337405
10.23178117 26.09629016
10.37542292 26.44579448
9.67166099 26.43844209
10.09155237 25.99451554
9.99035618 26.14527762
9.70202087 26.48503516
10.12660025 26.55080465
10.09308532 26.16832720
9.36624189 26.18154795
9.05341428 26.11558952
10.21108897 25.56096819
10.66158994 26.40618202
10.22893886 26.17845285
9.95368932 26.42148641
9.50447843 26.21885959
9.32645872 26.60399927
9.84248199 26.03159346
10.22785617 26.51477827
10.17971708 26.15123730
9.85742280 25.92561261
10.22436130 25.53444074
9.21439846 26.91727237
10.23016916 26.46696869
10.22731862 26.22332537
10.15532975 27.09506733
9.83467913 26.15363170
