18.90747923 1.50441460
18.83654320 2.58247642
18.76142836 2.19332913
18.80659598 1.49010788
19.02003206 1.22168873
18.55451621 1.95299844
18.93473967 1.85535095
18.77696307 1.69326046
18.64779175 1.89387336
19.00561863 1.85126378
19.05014247 1.05221994
19.09038326 1.58463817
19.46754832 1.86535049
19.21465267 1.36955409
19.46268751 1.51460384
19.32118703 1.67151481
18.38123690 2.04404526
19.39700466 1.88052941
18.61803472 1.76202435
18.47325400 1.20111345
18.67757721 1.59733791
19.20964338 1.94765408
19.17058098 2.08617891
19.57821486 1.49684331
18.56928948 0.97294301
19.20507668 1.71482757
19.24575712 1.34411817
19.25127855 2.45242893
19.88167270 1.65068923
18.99818811 2.01764907
18.66349120 2.02939112
18.96100272 1.60613546
18.84242805 1.74637539
19.06515192 1.39415996
18.93160044 1.04869802
19.35292910 1.44920809
18.74436638 2.06206876
18.36798043 2.21109402
18.01518483 2.12806951
19.15621229 1.57874902
19.74655282 1.45723324
19.35516146 2.22429808
18.76341733 1.71237481
18.21432430 0.98969350
19.04198406 1.20922889
19.30224726 1.53301534
19.13075128 2.00450782
19.57797153 1.53449545
19.02201964 1.26515783
19.11293754 1.42010601
18.11941883 1.87648685
19.04173174 1.77810450
18.75604238 1.95824996
18.91124904 1.17363388
19.50069517 1.98403252
19.21082413 1.74490207
19.13524792 1.68198432
18.90128279 1.29280544
18.93024233 1.70162692
19.33623502 2.15604262
19.36038617 2.06740180
18.57066028 1.75589091
19.27191883 1.58316968
19.45263995 1.70374951
18.68711477 0.98457797
19.03269546 1.32445921
18.11129563 2.21455054
19.05109756 1.97463292
18.67630492 1.18559396
18.51302954 1.78914390
18.52873620 1.48183365
18.79406652 1.98113177
19.49831656 1.61340063
19.00710071 1.26112541
19.19390287 1.67561013
18.18864497 1.24543631
19.20838026 1.25302030
19.06762490 1.67146003
18.85257036 1.66528696
18.34300126 1.76741293
19.31662575 1.90611303
18.37780404 2.71180105
18.28142006 1.38222945
19.20794494 1.36905564
18.77825292 1.90446535
19.16328220 1.96946267
18.64755058 1.57034897
18.36298880 2.04930831
19.08302910 1.35233427
18.62728744 1.55639978
19.10454806 1.73438198
19.01836189 1.62177070
18.63193442 2.15128388
18.71184618 1.32163265
18.44760461 1.48404388
19.12896536 1.10484380
18.96886088 1.62039312
19.12866685 1.35540791
19.24700643 1.81938791
18.29696569 2.05549244
18.30716800 1.11065469
19.07891587 1.94975724
18.90325760 1.69819250
19.22672316 1.62364569
18.77627236 2.47724371
18.84542459 1.25415619
18.92317517 1.74705247
18.32357923 1.29020343
18.79589478 1.39507651
19.37348048 1.61179197
19.35020899 2.67458220
18.51363234 1.46456188
18.97790781 1.94107696
18.93372221 1.62543439
18.60802067 1.89988738
18.95182634 0.57236996
19.01887134 1.22594880
18.20300335 1.65338385
18.71150793 1.35059025
18.76726519 2.25234197
18.75592184 1.93429380
18.72592129 1.54301158
18.65114994 1.97867353
18.99349909 1.41889784
18.47108664 1.86916674
18.84973901 1.38080962
19.22824102 2.08349447
18.73529930 2.34275214
19.47500953 1.91168199
19.15977563 0.88066127
18.48210810 2.06479914
18.46957709 1.67947019
18.89284590 1.90070557
17.86681027 2.16336947
19.66834173 1.76899328
19.45818478 1.61644286
18.61974218 1.64110839
18.73095358 2.33386952
18.82270219 1.57766976
18.47745232 1.44373823
18.86763741 2.20336651
18.62793022 1.26018365
18.98649500 1.55777914
18.89896586 2.22092461
19.06173127 1.80058185
18.67474266 1.99975596
19.09644673 2.38877396
18.56563129 1.71148915
18.75481264 1.22638976
18.83764583 1.76676851
18.89734546 1.65739154
18.93504731 1.71693310
18.63348630 1.48701535
19.06122027 2.21208415
18.73448433 2.21433267
18.66173210 1.35943998
18.48442370 1.65058158
18.63124778 1.91079122
19.23194602 1.73019243
19.62438848 2.10886131
19.32186083 1.93528015
18.99853766 2.03381283
19.28673371 1.34748483
19.15010061 1.63265651
18.99331136 1.13398195
18.67545987 1.93926094
19.16399410 1.51986977
19.02850473 2.07354046
18.77046520 1.83172707
18.58192478 2.34851062
18.32056158 1.84226927
18.85250595 1.32782892
18.95546581 1.59415198
19.00897815 1.32037721
18.78905967 1.90017924
19.16828559 1.80573189
18.57299613 0.89339032
18.76866699 1.78868949
19.95052186 1.52589099
19.58602296 1.97430726
19.54231865 1.99734321
19.36745150 1.67805267
19.35947510 1.33044481
19.12179510 1.75699416
18.80325121 1.85179267
19.26802435 1.77702948
18.97130357 2.43612084
18.94892975 1.28026918
19.36502847 1.26959246
19.78836427 1.44882944
19.09241035 1.90236892
18.54833010 1.88179108
19.82875934 2.03938065
19.21339072 1.80709056
18.35578674 1.59179173
18.91166340 2.48715809
19.93386205 2.10209359
18.95513072 2.29971740
18.97558651 1.62788153
3.01423559 3.95428223
2.63402929 4.50535328
2.66092759 4.12837393
3.25853770 4.40876346
3.67309603 3.43906519
2.88594851 4.42416431
2.86312688 3.96419305
2.81309722 4.66260478
3.06607353 4.82299304
2.98145241 4.14622091
3.00897775 3.83061428
2.24234843 4.12621336
2.91031984 4.72687738
3.07567059 4.22185668
3.16451281 4.57508694
3.18580439 4.52518305
2.87396604 3.74813261
2.78448578 4.56618333
2.87030941 4.82652373
1.97666230 3.97271253
3.29736863 3.96600724
3.26934343 3.70513028
2.62762794 4.46387011
3.15627813 3.84160610
2.01062441 4.29661289
3.17711285 4.37509272
3.79376689 4.17079803
3.24573838 5.29212299
2.71595362 4.11457260
2.62580751 3.31780598
3.43516272 4.58994411
2.88024907 4.58192740
2.78331992 4.15098257
2.59298990 3.64174254
3.14050972 4.36063244
2.25467507 4.24184042
2.59591803 4.12752914
2.80520838 3.99662679
3.52189772 3.72697111
2.90181169 4.13788393
3.84338851 4.66742264
2.24760528 3.97813029
3.57104340 4.58636536
3.39308134 3.60236842
3.57967995 4.43325505
3.15960742 4.38795223
2.87210823 4.18830176
3.39116600 4.55407738
2.39930944 4.09546476
2.60900618 4.43395707
3.12924470 3.57101777
3.36120112 3.75316868
3.19873853 3.76920180
2.94016873 4.33893003
2.78286464 3.68564992
3.56555711 3.66524168
3.10548512 3.81362653
3.75466078 4.69332943
2.71850660 3.93723549
2.76550201 3.93266102
2.54987189 4.74277795
3.68182605 4.59299835
2.73161908 4.06005479
2.45475572 4.17327904
2.79172658 4.06236208
2.95951979 4.20303114
2.64177509 5.26433307
3.24995057 3.81623123
3.03680217 4.08094549
2.97676314 4.21629758
2.38236789 4.34794452
2.58338279 4.24501293
3.91660858 4.31044447
2.80171254 4.19956848
2.32763481 3.98842629
2.37185128 4.65929387
2.70242764 4.55284184
2.65590802 4.75658772
2.95953573 4.36198737
3.30292590 5.13669647
2.77079553 4.38438147
2.57989638 4.50230582
2.25828464 4.30041043
2.67991618 3.36849290
2.15172375 4.57327025
3.65356812 4.03489124
3.22478528 4.49262714
2.43017940 4.28133349
3.02473780 4.10828494
3.03578679 4.15500110
2.74097032 4.29477290
2.51710063 4.13686762
3.03423494 4.33370192
3.54157872 3.46821286
2.98659056 4.17990519
3.13301900 3.33213152
3.37404727 4.07681578
3.09665474 5.24829156
2.25928140 3.96211980
2.80911282 4.53543550
2.75501036 4.42473938
2.73601466 4.44568613
2.72902988 4.15967896
3.06362417 4.06458420
3.02092156 4.32131209
3.27619535 3.89530561
2.20787923 4.11260794
2.43113014 4.29091379
3.12735709 3.63195274
3.12669123 4.04375407
3.18677280 4.51523369
2.96325212 4.35779535
3.96420818 4.35760094
2.63812518 4.75140922
2.87087922 4.77097117
3.38068699 4.65972344
3.10143834 4.08544322
3.09408844 3.71271565
3.26245622 4.34705444
3.14159891 4.11280360
3.27806283 4.06811484
2.91781797 4.16306174
2.83721224 4.39723822
2.85224096 4.56434929
2.98184748 4.44469220
3.16578321 4.06836054
2.21521466 3.64818923
2.62985833 4.95483925
3.08846928 4.60561186
3.24149196 4.75202828
2.94425120 4.12301423
2.88457089 4.58712740
2.96202206 4.28393299
2.47864590 4.52216788
3.49969888 4.92528513
2.60371995 4.23267998
2.29231681 4.14387502
3.57252109 4.56583443
3.01260129 4.39349297
2.47048677 4.39897791
3.24568076 4.05958271
3.27772482 3.74122578
3.15399264 3.94178989
3.18414177 4.00848771
3.23632328 3.95929766
2.90913017 4.27109904
2.50845446 4.22515698
2.66348070 4.39569623
2.97922305 4.14164084
2.90272427 4.05269986
2.56016802 4.05293188
3.47506734 4.04589976
2.70044838 4.29622438
2.97750074 4.03927459
3.52867242 3.66536640
2.45001239 3.75121933
3.30645042 4.05270952
2.41714456 4.44113041
2.72714583 4.24208727
2.80377277 4.49066990
2.71674489 4.26637504
3.31350159 3.81344045
2.84607025 4.10878898
2.58266144 4.27457207
2.69688142 3.89927146
2.65304678 4.58300614
2.23873831 3.13089442
3.51236307 3.66006202
3.09091416 4.00730968
3.05693524 4.30203393
3.33534724 3.85731527
2.47224571 3.90019351
2.45186092 4.78402912
2.92079176 3.89388582
2.70996329 3.81312404
2.51075396 3.91344264
2.89498109 2.98515546
2.15259061 4.65034142
2.77112914 4.68547429
3.09675083 3.66426366
3.00881607 4.28846573
2.65805155 4.26048543
3.77209399 3.98043230
3.01709907 4.33281342
2.96662568 4.17584424
2.96852255 4.13482888
2.65139762 3.90252685
2.52241658 3.22696158
3.61274892 4.44199295
3.42691062 4.30611544
2.20340678 4.36494732
3.94951391 3.59994323
2.87346678 5.03974476
2.83758845 4.11779800
3.51846041 3.76350045
2.11182756 4.49966795
2.89917764 4.34916220
2.97918047 4.64753017
2.92271400 4.22460772
2.39516265 4.10934223
3.50610072 3.88883278
2.64927161 3.95193592
3.31463348 4.19029281
2.71301207 4.49257350
3.24787305 4.92321517
3.39449802 5.05509936
3.09234632 3.80829263
3.41338684 3.79419423
2.88583328 3.64300221
2.94161637 3.58043840
3.45551083 3.44038096
3.83687885 3.62037347
3.10695461 4.34275815
2.09767908 3.70293807
3.89545433 4.63002468
3.23850068 3.75792379
2.31298201 4.08290846
2.89213126 4.13929917
2.89129397 4.16879115
2.77034584 3.38012125
3.80512520 4.69076103
3.56479567 4.24424298
2.22197907 3.60829612
2.56576448 3.93166193
2.86718153 3.84355985
3.47078037 4.00619469
2.89775618 4.78525348
2.37625712 4.67040864
2.70104669 3.24958812
3.09257583 3.93143255
3.13897986 4.08120090
3.33309530 3.96960353
3.19546941 4.06199335
2.85561295 4.30814247
2.98674339 4.21486464
3.32437465 4.19609168
2.64032531 3.78333652
3.21483940 4.37962717
3.75804076 4.38332431
2.71489271 4.15117844
2.89694081 4.02958006
2.20749043 3.52069240
2.93520744 3.70799668
2.68309137 3.86076613
2.59563028 4.73346820
3.22000983 4.55095634
2.97956174 4.09870480
2.32832886 5.20892721
1.70685899 4.36636297
3.24572569 4.07435139
3.82194905 3.86481999
2.85520001 4.23066625
2.90698441 4.32369297
3.43484772 4.15467116
2.24044587 4.51602180
2.52572168 4.29372859
3.12428013 4.48775926
2.91353019 4.19350705
2.46454230 3.63738696
3.30710147 4.62099429
2.81586433 4.23915796
2.85069388 4.53386173
2.96045878 3.63375321
2.99042735 3.70837889
2.98973377 4.61112807
3.07643439 3.99193052
3.19901203 4.23620492
2.15068125 4.45533777
3.02689017 4.28370722
3.02308279 3.76651018
2.44221427 5.01994728
2.79008217 5.13119628
2.96850582 4.28424301
3.08520717 4.27392805
3.11987327 3.86023095
3.49557799 3.99146148
2.42492999 21.46117883
1.99707211 21.22845626
2.19046647 21.48992453
1.76254853 22.28581787
2.32170464 22.44330994
2.29589829 21.35452771
2.24885952 22.21412412
2.09696850 21.27421758
1.75125974 22.16506449
2.19395628 21.64766259
2.01248754 22.09385866
1.99706659 21.62281078
2.02285121 22.90382626
2.45906023 22.35671133
1.86238514 22.51382248
2.63128829 21.84565419
1.74981435 21.59598640
2.22527147 22.09291234
1.58143694 22.31466492
2.19759657 21.65810967
2.10478639 21.83347300
2.12135385 22.08214033
2.41266159 22.51046568
2.08816000 22.65485705
2.45980156 21.93309505
2.57474185 22.37841233
1.91819293 21.80538963
1.36505081 22.24222030
1.90627721 22.06307796
2.27337596 22.02833430
2.25768942 22.20311742
1.94253751 21.64972309
1.85051849 21.53830662
1.59716491 21.78995123
1.91823683 22.55299802
1.97748338 21.82629024
1.95775266 21.59597035
2.72179650 21.07755888
2.46451499 22.13735065
2.48008949 21.64912587
1.41586302 22.34698890
2.36029353 21.84205957
1.42206620 22.66758851
2.26813948 22.12136146
2.71201325 22.33664690
2.84524232 21.87636453
2.16450980 21.80550902
2.14314582 21.79601102
2.17087286 22.09650735
1.93267132 22.10712445
2.69607827 22.00722912
1.95235410 22.27253476
2.14957716 22.25031845
2.24396611 21.23389076
1.44023293 22.58888930
1.98615870 22.21822875
1.54145494 22.92392792
1.99783367 22.22056000
1.81453385 22.27166750
2.87689203 21.68448696
2.27776320 22.27040296
2.92414384 21.72077272
1.86093511 22.11840898
1.93390163 21.35128254
1.82661306 22.01553551
1.60901404 21.60073408
2.03618468 21.76052635
2.34680323 22.11591034
1.76736359 21.64276817
1.99206927 22.32486574
1.83605726 22.32521021
2.56525890 22.08922936
2.28427124 21.77952980
2.14138807 22.00990679
2.04913196 22.44332647
1.87604261 22.17756952
2.53289340 22.26350917
1.99899168 22.27355125
2.16907535 21.92010357
1.61765676 21.94876505
1.48561228 21.77539656
1.61953221 22.16148338
1.78593229 21.74431286
1.35643977 22.18621402
1.78930809 22.43636867
2.37665911 21.56208173
1.96120549 22.36251567
2.83908615 21.95943761
1.69878756 21.99632145
1.87267695 22.41386810
2.40531196 21.63233105
1.90768184 21.57365087
1.88653915 21.83195739
2.72087489 21.44578294
2.21438898 22.48917755
2.18521431 21.83573863
2.16107962 21.65579560
1.21865047 21.63510844
2.38158249 22.59890975
1.93421951 21.48769257
2.01667372 22.08191062
3.07527161 21.23095244
1.89752730 22.01422723
1.53999501 22.04932625
2.56235485 21.74342582
1.87108432 22.11898908
1.93935577 22.61423864
2.17594931 21.89819694
2.29263308 21.84798966
1.92731387 21.54775508
1.24553833 22.54544812
2.71337758 21.47122135
2.90562052 22.42606367
2.16076603 22.16897383
2.86780434 22.21776842
1.75894125 21.79087512
2.71205570 21.88766316
1.91407513 22.26303900
2.84326473 21.86747395
1.99830972 21.83938249
2.23254598 21.82855790
1.57296807 21.53251079
1.93026972 21.73326457
2.35213789 22.09868199
2.47457886 21.14381904
1.61391810 21.66838162
2.25225002 22.37934150
1.28030930 21.65646624
1.57746288 22.06817129
2.58770885 21.51580867
2.19327830 22.52462783
2.05993006 21.76617298
1.98333534 22.07471839
2.69579075 22.04765225
1.91533861 21.08502770
1.86335043 22.22451035
2.17395663 21.67992033
2.46194995 21.84428677
2.47225697 22.15972842
2.67981128 22.46755243
2.40262546 22.20280103
2.42305048 21.93551029
1.77410132 21.33038283
2.21903726 22.32279740
2.13082592 21.50616522
2.32994441 22.14164030
1.62355862 21.99991826
1.73886457 21.71026631
2.13177569 22.48496869
2.07885545 22.48362786
1.97326517 21.56837243
2.16782703 21.99492605
1.34856323 21.70435471
2.39709098 22.11435884
1.65582744 22.31333595
2.42038780 21.69112238
1.83937262 21.31318915
2.05804463 22.27863297
2.43888814 21.45454064
1.38050696 22.33934506
2.20575274 21.25241476
2.23410849 22.11014502
2.62284095 22.61549442
2.48234991 21.42615735
1.31343717 22.00296896
1.29923942 22.08673471
2.21426467 21.91314944
1.84548475 22.49527539
1.76585762 21.70953493
2.26713028 21.55591848
1.43628549 22.33228318
2.19802459 22.40974392
2.44864395 21.78308109
2.14769052 21.11996753
2.05584043 21.56908827
2.60998533 21.68425587
1.75778466 20.77133013
1.88699314 22.60528169
1.67606187 22.07963048
1.50440526 21.74044340
1.76898318 22.18139928
2.01649579 22.53216283
1.60361978 21.75500916
1.25600234 22.37713327
2.61729869 21.30414942
2.65442761 21.63447665
2.29397862 21.89396950
1.57724873 22.03709383
1.72990393 21.55690156
1.85001686 22.06124626
1.53966281 22.52727215
2.85026916 21.36504831
2.92349364 22.04760323
1.92672564 21.55788973
2.52250879 21.67775811
1.56324133 22.18185661
2.01811483 21.58903155
1.83521746 21.58155383
1.97530196 21.45207948
2.71753712 22.13880669
2.50375557 21.31231225
1.90205038 22.01465972
1.90217981 22.14905300
